100503 
105453
100539  
105395  
100018  
101364  
105353  
105372  
100593  
100582  
100522  
105579  
100005 
115504  
105528  
100007  
105352  
105307  
100505  
100537  
100511  
105474  
100568  
100592  
100006  
100556  
105388 
105559  
100578   
105394  
105540  
105359   
105509   
105301  
105466  
105377   
105331  
100573  
105309  
100529
100003
100533  
100527  
100560  
100544  
105563  
105460   
105448  
105555  
105561  
100500  
105351  
100531  
105314  
105316  
100550  
105344  
105358  
105348  
105471  
100515  
105545   
105303  
105371  
105357  
100555  
100546   
100587  