105325  
105367   
100509  
105345  
101301
105469  
105486  
105349  
105443  
105356  
105335  
105308  
115503  
105472  
105363  
105465  
105570  
100589  
115502  
105447  
105560  
105446  
105452   
105549  
105332 
100577  
105514  
100583  
100501  
105339  
105554  
105476  
105457  
105455  
105336 
100588  
105320  
100590 
105536  
105577  
105480  
105458  
105317  
105580  
105587  
105517  
100542  
105365   
100596  
105385  
100520  
105302  
100594  
105591  
105324  
105366  
100507  
100530  
105485  
105445  
105566  
100504  
105564   
105370  
100502  
105354  
105494  
100599  
100510   
105512  
105493  
105329  
105556  
105586  
100535  
105346  
105470   
105305  
100513  
105589  
100559  
105378  
105338  
105375  
100524  
105311  
100540  
105468   
100517  
105391  
105481  
105444  
105450  
105557  
105513  
105334  
105387  
105574  
105558  
105550  
105530  
105535  
105551  
105515  
100597  
105544  
105588  
105355  
105382  
105397  
105483  
105595  
105552  
105594  
105575  
105590   
105553  
105516  
105520  
105402  
105573  
105518  
105473    
105592 
105582  
105585  
105571  
100055  
105417  
105463  
105593  
105584  
105009  
100021  
105565  
105416  
105583  
105524  
105415 
105523  
105569  
100557  
105578  
105567  
105548   
105451  
105464  
105576